	SNP	Chromosome	Position	trait1
1053653	rs10000692	4	122078317	0.589715
437523	rs10046724	8	27880155	0.984213
177280	rs1004814	2	218712306	0.407138
288180	rs10053847	5	35878140	0.00739807
989550	rs1006771	22	24314006	0.338349
307499	rs10069050	5	89820984	0.330449
455616	rs10088860	8	81881160	0.223959
872925	rs1010425	19	51920613	0.027876
659674	rs1012672	12	12284915	0.825376
709869	rs10128884	12	132621624	0.34768
1113819	rs1013501	6	47664399	0.193768
767932	rs10138395	14	55819219	0.465304
1055211	rs1014867	4	126412891	0.423813
771812	rs10151127	14	64494278	0.329188
181273	rs10178458	2	228111435	0.216669
343581	rs10192	6	145174098	0.851687
159739	rs10194785	2	170762566	0.495
178813	rs10196918	2	222290027	0.918479
303758	rs1019762	5	79029594	0.408153
96736	rs10206877	2	8439905	0.00345834
381844	rs10230120	7	51097063	0.398984
357445	rs10240036	7	2486368	0.15621
384801	rs10243731	7	63981425	0.67237
379278	rs10249706	7	45761351	0.988494
491934	rs1032474	9	14775853	0.461429
1105650	rs1033500	6	32307382	0.402095
863582	rs10404622	19	21934891	0.36276
859219	rs10410136	19	9056941	0.730781
873398	rs10413435	19	52729030	0.068221
856580	rs10419707	19	1038445	0.411471
1093258	rs1042054	6	12164612	0.181719
861266	rs10424547	19	15133787	0.215523
1003617	rs1042642	3	186793729	0.212511
141201	rs1042656	2	120197670	0.0364755
155918	rs1042666	2	160626622	0.691062
677537	rs1043011	12	56865040	0.590168
977736	rs1043470	16	69737908	0.79552
794914	rs1043592	17	4067315	0.919001
7384	rs1043905	1	19411129	0.40178
861341	rs1044055	19	15270805	0.22261
553020	rs1044210	10	33467321	0.259621
928726	rs1044474	15	40845952	0.108926
338486	rs1044498	6	132172368	0.418006
358455	rs1044701	7	4305834	0.6232
790237	rs1044874	16	84512578	0.162897
131738	rs1044973	2	85553784	0.717688
796870	rs1045172	17	8225768	0.521078
1081281	rs1045192	5	169510190	0.430686
59198	rs1045456	1	171766564	0.0979415
943763	rs10456	15	78398146	0.53035
955328	rs1045763	16	724084	0.877206
793855	rs1045794	17	1640709	0.438546
63779	rs1045971	1	182798924	0.0034999
725025	rs1046028	13	50107289	0.296105
300585	rs1046064	5	72386139	0.88852
870709	rs1046282	19	45910672	0.923766
567904	rs10466026	10	73550969	0.0797538
417381	rs1047053	7	154684971	0.112467
1039843	rs1047564	4	83840906	0.327989
1003789	rs1047584	3	187088656	0.924428
859793	rs1048287	19	10610236	0.809601
83081	rs1048306	1	229795070	0.681228
1080379	rs1048307	5	168093522	0.604305
987059	rs10483090	22	17539678	0.583491
888875	rs10485644	20	23350790	0.977767
288179	rs10491434	5	35877914	0.482749
658915	rs1049172	12	10525740	0.405743
493655	rs1049430	9	17796668	0.353492
1103835	rs1049633	6	30867527	0.0349066
830706	rs1049684	18	21739725	0.0933365
961536	rs1050068	16	11769948	0.0237668
146939	rs1050115	2	136511817	0.86208
735266	rs1050235	13	76100639	0.995758
835245	rs10502637	18	32469970	0.0889076
1086483	rs1050975	6	408012	0.0402372
196800	rs10510437	3	15091248	0.131637
16764	rs1051097	1	43824865	0.443916
754653	rs1051101	14	23058084	0.523315
518390	rs10512282	9	104334333	0.329227
793945	rs1051315	17	1801137	0.312562
859452	rs10515	19	9523724	0.520687
773861	rs1051533	14	69259662	0.548822
81538	rs1051741	1	226032229	0.0881367
822740	rs1051855	17	80561324	0.798572
387650	rs1051921	7	73007943	0.0203344
1063535	rs10520102	4	152147441	0.032003
973543	rs1052276	16	58314598	0.547011
141133	rs1052500	2	120060082	0.179725
863026	rs1054284	19	19616953	0.980747
596016	rs1054776	10	135055349	0.641053
839910	rs1055066	18	43427623	0.2842
888432	rs1055080	20	22562438	0.390682
533598	rs1055432	9	136324239	0.805355
597624	rs1055640	11	3847293	0.951531
651114	rs1055760	11	129729318	0.349834
879438	rs1056141	20	6096632	0.70905
1115626	rs1056706	6	52363728	0.58579
878089	rs1056720	20	3784110	0.992014
597321	rs1056819	11	2949861	0.706048
570119	rs1058202	10	79552151	0.208661
177850	rs1058261	2	220285309	0.123295
525456	rs1058278	9	117406601	0.739949
455885	rs1058401	8	82570631	0.523989
123094	rs1058922	2	65250541	0.816853
209837	rs1058961	3	45865006	0.484734
914057	rs1059293	21	34809693	0.00224664
783489	rs1059296	14	90872143	0.608175
861755	rs1060467	19	16024538	0.110922
716658	rs1060709	13	31903834	0.436362
807714	rs1060915	17	41234470	0.552104
792740	rs1061238	16	88781850	0.654153
64634	rs1061508	1	184662181	0.531467
663867	rs1061627	12	21654407	0.233626
372337	rs1061644	7	30796530	0.180059
792228	rs1062746	16	87364650	0.881628
392638	rs1063964	7	87835469	0.740503
893939	rs1065155	20	40706356	0.398895
1084482	rs1065206	5	175811233	0.187507
972524	rs1065375	16	56368689	0.0779892
378859	rs1065646	7	44809273	0.146817
16869	rs1065772	1	44072018	0.40533
634013	rs1071	11	93914990	0.587488
397106	rs1073	7	100031612	0.126315
705438	rs10744162	12	124243707	0.00349663
640675	rs10749920	11	108383676	0.962714
529174	rs10760214	9	125002246	0.418658
530859	rs10760450	9	129459628	0.757455
557719	rs10763354	10	52103707	0.941624
551375	rs10763720	10	29769647	0.518602
663882	rs10770819	12	21670410	0.0485008
699428	rs10774641	12	109717697	0.812633
695527	rs10778148	12	102158763	0.219329
534914	rs10781507	9	139272058	0.607609
676069	rs10783528	12	53088484	0.184502
50381	rs10788862	1	153191512	0.506108
645631	rs10790286	11	119054488	0.389235
650920	rs10791011	11	129321066	0.954973
626397	rs10793231	11	76733024	0.571449
590792	rs10794629	10	125450492	0.0451008
9205	rs10799790	1	23418153	0.638125
488548	rs10815977	9	8860355	0.783937
562190	rs10821668	10	61831271	0.261509
552103	rs10826848	10	30993448	0.984519
598679	rs10838092	11	5443867	0.588554
375081	rs10848	7	36339126	0.79494
674481	rs10875893	12	49312593	0.34542
641727	rs10891245	11	111167792	0.459266
643250	rs10891692	11	114393652	0.772919
323284	rs10900799	5	130539728	0.653158
326606	rs10900864	5	138773090	0.702245
425749	rs10903311	8	8643387	0.245579
539505	rs10905035	10	6883788	0.0443034
161660	rs10930663	2	175297360	0.939694
261249	rs10937148	3	183398071	0.143113
1012484	rs10939650	4	9998440	0.00366801
350028	rs10946159	6	158616335	0.609633
358882	rs10951956	7	5521468	0.0456021
491937	rs10961700	9	14776140	0.706513
565870	rs10998219	10	70242905	0.442166
566792	rs10999147	10	71880858	0.485725
593247	rs11016071	10	129901393	0.288418
616465	rs11037478	11	43590892	0.714263
663679	rs11045917	12	21419948	0.282937
663680	rs11045918	12	21420712	0.283381
665334	rs11047654	12	24967846	0.97042
9462	rs1105	1	24200800	0.921278
669341	rs11051966	12	32530580	0.439056
793881	rs11062	17	1683012	0.0864542
1007571	rs1106502	3	195517258	0.560577
796841	rs11078738	17	8167600	0.597244
863430	rs11085431	19	21306913	0.237901
207339	rs1109643	3	39139776	0.592512
676405	rs1110720	12	53682326	0.15467
75566	rs11119806	1	211921229	0.00255412
3580	rs11121484	1	9784423	0.183621
4269	rs11121804	1	11766424	0.687028
122008	rs11125895	2	62069358	0.540084
62571	rs11126	1	180169330	0.348717
131889	rs11127	2	85924729	0.847163
211513	rs11130296	3	51812952	0.47113
275991	rs11134161	5	6493888	0.0458496
419459	rs11136728	8	425796	0.8084
710109	rs11147241	12	133698377	0.625964
705052	rs1115154	12	122990042	0.5611
34628	rs11161747	1	86591837	0.93091
752858	rs11164135	13	114150107	0.071799
40506	rs11166414	1	100660826	0.055988
397254	rs11171	7	100486110	0.0797163
670826	rs11175964	12	40702987	0.878985
397340	rs11178	7	100781084	0.788771
26904	rs11209026	1	67705958	0.0311009
646185	rs11217890	11	120357547	0.281425
72859	rs11240569	1	205779231	0.151935
538343	rs11253021	10	5203864	0.452967
50692	rs11264743	1	153941514	0.0689215
240585	rs1126828	3	128344786	0.394608
1131473	rs1127175	6	96999725	0.308853
1008516	rs1127410	4	533001	0.251183
895623	rs1127497	20	44038574	0.780985
661019	rs11276	12	14993439	0.138173
599499	rs1128396	11	6636106	0.208236
955327	rs1128550	16	722548	0.242395
942982	rs1128933	15	75650836	0.895383
167794	rs1128965	2	192700400	0.433091
1002882	rs1129880	22	50694297	0.828779
351365	rs1130656	6	161139480	0.31297
131872	rs1130866	2	85893741	0.577138
357038	rs1133122	7	1192572	0.730278
723518	rs11342	13	46700642	0.0755937
596297	rs1134578	11	404317	0.817037
15625	rs1134586	1	40980559	0.344262
24344	rs1134767	1	62456014	0.818514
358811	rs1134995	7	5273074	0.893061
543446	rs1135102	10	13653653	0.61285
10280	rs1135253	1	26377880	0.4606
26029	rs1137100	1	66036441	0.5753
17335	rs1140279	1	45226084	0.951926
676775	rs1140681	12	54651471	0.835636
857916	rs1143699	19	5210762	0.0384603
397785	rs11444	7	102066873	0.0198537
620543	rs1144747	11	59807806	0.141134
1024848	rs11466653	4	38776235	0.688204
404445	rs1147504	7	121653398	0.434639
622721	rs1151539	11	66031660	0.284013
506204	rs11519	9	77676285	0.958502
236648	rs11539377	3	119219573	0.793298
261498	rs11539876	3	183904049	0.0565984
501938	rs11541908	9	35705759	0.338982
733	rs11547615	1	3697663	0.162131
710018	rs11548877	12	133297675	0.474536
1105390	rs11553430	6	32136771	0.0300738
155911	rs11555185	2	160604452	0.488754
10585	rs11555809	1	27216669	0.43305
795198	rs11556635	17	4796286	0.239765
82312	rs1155807	1	227848341	0.873292
977174	rs11558534	16	67867739	0.603454
793824	rs11559309	17	1556911	0.660115
245877	rs11569291	3	141669685	0.0480025
25734	rs11585932	1	65335095	0.963425
80949	rs11586729	1	224566216	0.753847
58241	rs11590604	1	169773317	0.420195
64992	rs11605	1	185527738	0.318874
599409	rs11605881	11	6495600	0.545034
676690	rs11614913	12	54385599	0.442814
946299	rs11638297	15	84782417	0.756628
955667	rs11648609	16	1616201	0.179742
964947	rs11648835	16	20809283	0.480999
816211	rs11649752	17	65026886	0.265315
862368	rs11666267	19	17660300	0.984869
867375	rs11673347	19	35719257	0.224138
141264	rs11686014	2	120409616	0.315423
984714	rs11701143	21	43735529	0.0674729
257216	rs11720451	3	172223376	0.0281189
1052978	rs11724758	4	120239878	0.0452516
1011815	rs11728778	4	7802292	0.226868
275233	rs11742341	5	5239921	0.960214
395218	rs11764692	7	94920992	0.255295
406954	rs11769769	7	128312450	0.867232
408327	rs11773555	7	131808573	0.317907
532377	rs11792889	9	133779448	0.725316
571098	rs11817253	10	81680770	0.317487
550893	rs11818884	10	29081724	0.48677
592598	rs1182885	10	128975256	0.201145
694789	rs11832216	12	100452832	0.0947712
533004	rs1183768	9	135203231	0.880458
930055	rs11854484	15	45545478	0.4928
964506	rs11866050	16	19590444	0.842168
795788	rs11868551	17	6025472	0.161499
839837	rs11877062	18	43307246	0.561128
873312	rs11881700	19	52538428	0.0112861
186118	rs11883500	2	238434434	0.347858
112135	rs11885000	2	42163072	0.605711
158236	rs11888208	2	167313451	0.191867
176201	rs11891673	2	216477172	0.119187
102234	rs1191778	2	20131079	0.783669
131485	rs1192344	2	84945469	0.265541
132346	rs1193	2	87002229	0.733814
324726	rs11950943	5	133916719	0.204838
323339	rs11951274	5	130695152	0.300083
9329	rs1198432	1	23756155	0.16618
929017	rs1200345	15	41819716	0.791108
929021	rs1200349	15	41821752	0.772202
554659	rs1200875	10	37505192	0.401687
45129	rs12033257	1	112318484	0.696494
16417	rs12049046	1	43042703	0.653862
573730	rs12098564	10	86953327	0.996344
378915	rs12108	7	45023503	0.0455363
61059	rs12118034	1	176809368	0.941337
47464	rs12118664	1	117654638	0.627503
40493	rs12122948	1	100623922	0.0665082
5792	rs12126178	1	15668319	0.641945
19620	rs12127732	1	52940845	0.596508
783419	rs12147332	14	90651357	0.152778
977643	rs12149862	16	69497203	0.399038
324704	rs12163993	5	133887780	0.0683403
1104033	rs12179536	6	30993590	0.0211448
1109264	rs12206712	6	38139748	0.389807
330331	rs12210538	6	110760008	0.65454
549140	rs12249889	10	25314538	0.996067
674161	rs12310813	12	48542415	0.238627
709843	rs12317704	12	132562291	0.987836
705701	rs12318072	12	124798801	0.853194
657425	rs12354	12	6500105	6.00551e-07
555419	rs12359980	10	43976983	0.253181
619515	rs12364102	11	56949691	0.35032
526250	rs12375498	9	118949998	0.274834
822822	rs12450046	17	80790388	0.796662
237908	rs12489170	3	122354792	0.419915
327108	rs12515688	5	140480852	0.590333
272430	rs12523402	5	140636	0.539279
993601	rs12530	22	32783904	0.383054
401782	rs12531501	7	112130494	0.496848
358877	rs12535397	7	5516293	0.387918
535018	rs12555238	9	139743497	0.905255
665569	rs12587	12	25358828	0.789641
938978	rs12595292	15	65153690	0.0375182
876023	rs12624954	20	139456	0.954501
367643	rs12666072	7	21901593	0.145134
390786	rs12668093	7	82435033	0.268915
419457	rs12674503	8	424466	0.3267
372363	rs12701034	7	30831082	0.446957
380744	rs12718292	7	48686531	0.850594
618965	rs12790505	11	55579801	0.211767
716438	rs12857479	13	31531009	0.537534
765838	rs12879906	14	51442630	0.257326
766530	rs12887495	14	52496275	0.847943
1002968	rs128941	22	50944163	0.0945099
775924	rs12931	14	73440864	0.199148
807249	rs12936485	17	39635194	0.508476
3415	rs1294014	1	9325676	0.0206076
998635	rs129415	22	43623395	0.402598
873678	rs12971799	19	53667126	0.692523
873680	rs12972121	19	53667295	0.685465
874707	rs12975929	19	56392920	0.796213
500687	rs12985	9	32450187	0.0142667
533679	rs129932	9	136536679	0.047344
1104313	rs130077	6	31122330	0.0456997
234121	rs13064411	3	113046640	0.620984
856510	rs13090	19	868115	0.130276
250768	rs13095755	3	153974390	0.695967
202243	rs13096477	3	27490194	0.82937
890375	rs13111	20	30922399	0.05859
1012485	rs13113918	4	9998493	0.00456085
1115634	rs13192439	6	52366808	0.782622
1092598	rs13214666	6	11103537	0.438026
397914	rs13228258	7	102914478	0.896296
535084	rs13301354	9	139924637	0.688415
990161	rs133885	22	26159289	0.100881
163457	rs13390491	2	179582327	0.525049
93441	rs13399855	2	1926488	0.311086
125964	rs13421115	2	71058184	0.520804
264006	rs13550	4	170642781	0.463178
20566	rs1368883	1	55075452	0.506941
696483	rs1370780	12	104237829	0.467055
920467	rs13749	14	102514227	0.741926
60475	rs1385541	1	175335234	0.690726
997192	rs139316	22	39499763	0.160886
996791	rs139859	22	38341134	0.693228
993296	rs140081	22	32112461	0.368782
857184	rs14089	19	2997790	0.709597
977196	rs14178	16	67969531	0.517383
197315	rs14210	3	16269066	0.501448
302028	rs1423099	5	75427518	0.294737
697930	rs1427793	12	106458238	0.063534
158001	rs1432273	2	166797646	0.941238
272687	rs14389	5	917878	0.959004
462462	rs1460934	8	101153024	0.897471
862638	rs1469023	19	18378219	0.0203986
192744	rs1485175	3	7620789	0.0511554
531909	rs1503375	9	132623293	0.756256
796187	rs1509123	17	6683878	0.181616
563428	rs1509964	10	64567364	0.336106
1046963	rs151390	4	103183510	0.620242
168870	rs1531111	2	197184321	0.423509
245807	rs1533501	3	141497150	0.365006
296728	rs153378	5	61002359	0.12154
876916	rs1535882	20	1600524	0.0625066
515389	rs1536690	9	97055310	0.196371
624446	rs1540128	11	71118188	0.162457
998611	rs1543793	22	43595046	0.891991
329266	rs1546962	6	108026317	0.770468
124272	rs1569	2	67637196	0.91528
76003	rs15702	1	212911836	0.46856
747020	rs1587	13	103338230	0.533892
770286	rs160236	14	60576951	0.888407
252159	rs1608114	3	157815380	0.820889
1102498	rs1610642	6	29759078	0.0054972
47653	rs1627787	1	118165973	0.621508
54223	rs164152	1	162339103	0.506411
796551	rs1642763	17	7557419	0.693001
54237	rs164417	1	162353726	0.796051
697371	rs1663564	12	105546172	0.956186
819931	rs1671021	17	73565171	0.250785
867927	rs1673087	19	37264190	0.752789
181606	rs16824231	2	228788722	0.581224
152787	rs16830067	2	152331745	0.87619
53704	rs16832866	1	161334648	0.856118
87420	rs16835904	1	237997254	0.213057
59487	rs16844498	1	172431333	0.238355
71909	rs16852933	1	204095478	0.574733
303761	rs16877150	5	79030338	0.848249
303762	rs16877151	5	79030346	0.86294
1127813	rs16878809	6	87969341	0.819001
1099214	rs16888718	6	24146454	0.547635
1099459	rs16889440	6	24544967	0.452296
1099530	rs16889567	6	24650626	0.337089
1100951	rs16897515	6	27278020	0.00113114
471541	rs16898012	8	124138855	0.49447
599405	rs16913748	11	6478619	0.841738
518392	rs16920497	9	104335690	0.560361
558348	rs16921608	10	53456599	0.121391
809739	rs16946912	17	47246979	0.769926
938936	rs16948170	15	64967654	0.0204519
793417	rs16954056	17	526907	0.382107
834423	rs16962939	18	29844272	0.979122
965100	rs16971234	16	21217061	0.165625
967691	rs16976984	16	27790276	0.936436
272662	rs1697963	5	665280	0.260566
870883	rs16980091	19	46375779	0.870542
859519	rs16981648	19	9804424	0.0618495
904703	rs16983527	20	61716320	0.896072
880450	rs16994453	20	8130943	0.607412
876024	rs16995685	20	139576	0.927222
997038	rs16999173	22	39034786	0.743088
859279	rs17000948	19	9088722	0.321945
75653	rs17018373	1	212209034	0.0271654
1045425	rs17027607	4	99392101	0.759037
2128	rs17029184	1	6190315	0.0811551
207334	rs17038439	3	39136545	0.871197
1067342	rs17040984	4	162307060	0.260664
854485	rs17059541	18	74271486	0.990552
433723	rs17093448	8	20831737	0.335941
18557	rs17104181	1	48594189	0.816378
574177	rs17106320	10	87898729	0.10935
1072034	rs17110644	5	149245754	0.657808
579016	rs17112598	10	99016088	0.243812
34125	rs17121745	1	85589842	0.912297
783350	rs17126522	14	90451500	0.110969
1087799	rs17135340	6	2624053	0.740145
325022	rs17168355	5	134781992	0.804438
986680	rs17183220	21	47666744	0.309246
830564	rs17187262	18	21402298	0.850952
719541	rs17197663	13	38172867	0.182708
249664	rs17204557	3	151166058	0.965725
43151	rs17229705	1	108138961	0.885536
1099551	rs17243157	6	24667323	0.448655
279679	rs17263496	5	13737444	0.1706
985660	rs17264865	21	45560145	0.855458
369207	rs17274530	7	24738615	0.496947
753287	rs17277228	14	20692643	0.0300655
396954	rs17277546	7	99489571	0.586402
62430	rs17279712	1	179877780	0.483857
362639	rs17283717	7	12620804	0.294415
327139	rs17286891	5	140552774	0.495991
638462	rs17301028	11	102980324	0.0100395
638477	rs17301750	11	103027234	0.741005
3414	rs17368633	1	9325085	0.385695
53298	rs17380127	1	160394937	0.0152128
895446	rs17420378	20	43629135	0.907179
895864	rs17446462	20	44506661	0.970571
176074	rs17449032	2	216236712	0.441183
621221	rs174535	11	61551356	0.954886
63894	rs17477864	1	183113579	0.739306
1025052	rs17584431	4	39207318	0.791855
431961	rs17595818	8	18385853	0.677754
1084454	rs17622467	5	175772208	0.896936
989426	rs17630135	22	24085252	0.139661
872676	rs17632542	19	51361757	0.719767
1081126	rs17646221	5	169310213	0.0999795
808694	rs17650901	17	44039691	2.77963e-06
436622	rs17666	8	26515458	0.715358
1050557	rs17669218	4	113524723	0.266704
431233	rs17689740	8	17503316	0.895502
795251	rs17707385	17	4904564	0.0928313
829858	rs17720074	18	19100717	0.455132
951362	rs17730448	15	95026435	0.0790826
1073309	rs17743064	5	151649915	0.472874
988105	rs17745302	22	19839438	0.520401
1014378	rs17745676	4	13604182	0.0727333
122665	rs17753351	2	64335394	0.701531
966280	rs17772929	16	24918048	0.941931
868877	rs17795475	19	40021759	0.569074
658813	rs17808009	12	10311929	0.82215
630410	rs17810766	11	85375601	0.256888
692737	rs17851048	12	96077312	0.48733
973679	rs17854029	16	58616984	0.464942
692518	rs17855934	12	95694111	0.156826
624447	rs1790361	11	71118568	0.506294
242554	rs1799852	3	133475722	0.343269
677756	rs1799986	12	57535266	0.59175
621309	rs1800009	11	61730234	0.412874
677767	rs1800141	12	57588433	0.0183853
803235	rs1801052	17	29508775	0.244707
1010953	rs1801206	4	6302707	0.864159
507539	rs1801258	9	80049298	0.769811
1108487	rs1801270	6	36651971	0.643922
237741	rs1801725	3	122003757	0.169708
799657	rs1802618	17	14111287	0.155076
53250	rs1802778	1	160303416	0.155115
792742	rs1803382	16	88783100	0.13744
915992	rs1803439	21	38885442	0.347808
814186	rs180515	17	58024275	0.0232128
805315	rs1822403	17	33768199	0.508886
792781	rs1834065	16	88871908	0.150706
158519	rs1842233	2	168108357	0.874099
93304	rs1863135	2	1652822	0.89857
434546	rs1869	8	22477585	0.223272
1069662	rs187034	5	143854604	0.40969
234387	rs1872575	3	113804979	0.187021
790592	rs1874008	16	84940479	0.00992685
437130	rs1879184	8	27311703	0.376184
1012202	rs1880024	4	8454639	0.918227
773266	rs1885043	14	68029386	0.253744
25971	rs1887285	1	65897747	0.0464662
351019	rs1888727	6	160514541	0.720959
877221	rs1891227	20	2097688	0.648485
745483	rs1924104	13	100546863	0.714261
745482	rs1924105	13	100546789	0.37975
25657	rs1926303	1	65158724	0.868198
714944	rs1933437	13	28624294	0.285152
928989	rs1942	15	41774423	0.315855
720107	rs1945508	13	39457850	0.0298694
755247	rs1951635	14	24529890	0.2009
873456	rs1961205	19	52856955	0.750215
669515	rs1971911	12	32897088	0.764558
1100632	rs1978	6	26377573	0.000267169
873287	rs1978717	19	52497250	0.439137
808886	rs197922	17	45008570	0.590299
902262	rs1980576	20	57045667	0.491883
840786	rs1981	18	45360991	0.939017
621204	rs198464	11	61521621	0.162004
815210	rs1991401	17	62502435	0.75265
460409	rs1994793	8	96313407	0.749519
363795	rs1997040	7	14758273	0.985395
63288	rs199930	1	181741301	0.0910137
946941	rs2007514	15	86303677	0.354365
1111002	rs2008287	6	41217258	0.996995
74613	rs2013162	1	209968684	0.244945
598805	rs2017434	11	5536852	0.286852
132247	rs2030259	2	86683642	0.251226
676198	rs2035879	12	53200584	0.871585
924809	rs2037844	15	33065645	0.877451
802522	rs2043031	17	27085564	0.762285
266670	rs2048074	4	178274565	0.628824
176616	rs2066527	2	217315787	0.814245
969789	rs2066843	16	50745199	0.79473
890679	rs2070325	20	31673846	0.339646
378842	rs2070607	7	44747578	0.54889
1073123	rs2071221	5	151304306	0.845781
1106597	rs2071571	6	32940621	0.0934954
1108264	rs2071863	6	36107172	0.898946
955281	rs2071979	16	624114	0.950841
50881	rs2072660	1	154548721	0.382707
8020	rs2072751	1	20680718	0.10141
1105711	rs2073045	6	32339548	0.0327084
347625	rs2073260	6	153296541	0.744544
809129	rs2074190	17	45811210	0.214804
620972	rs2074416	11	60698054	0.825712
1103276	rs2074474	6	30309508	0.0119331
327283	rs2074912	5	140870516	0.601643
956780	rs2075469	16	4794873	0.57609
928680	rs2075624	15	40710723	0.367115
6331	rs2076595	1	17396703	0.942131
995676	rs2076671	22	36122930	0.130592
995677	rs2076672	22	36123083	0.988797
10871	rs2078348	1	28563084	0.66798
125965	rs2080390	2	71058226	0.518293
503775	rs2095876	9	71862987	0.379832
766562	rs2101919	14	52520368	0.403477
966399	rs2112811	16	25263278	0.906782
214037	rs2121743	3	57431985	0.303976
49099	rs2153463	1	147124310	0.793563
163408	rs2163009	2	179455207	0.952305
570116	rs2165047	10	79551640	0.104708
484609	rs2173904	9	2828765	0.400301
181441	rs2176188	2	228475552	0.348225
551759	rs2185724	10	30316208	0.734623
984573	rs220146	21	43539293	0.439459
418585	rs221254	7	157332919	0.972302
631294	rs2212616	11	87034696	0.125944
891694	rs221306	20	35280268	0.241809
1030522	rs2227902	4	57797100	0.978311
949267	rs2227934	15	91346923	0.590514
1105178	rs2227956	6	31778272	3.60096e-16
538867	rs2228059	10	6002368	0.132145
796467	rs2228128	17	7400815	0.0346154
1003425	rs2228243	3	186395113	0.321421
868474	rs2229144	19	38994910	0.556538
494567	rs2229536	9	19116543	0.833575
677780	rs2229716	12	57626582	0.595972
179762	rs2230168	2	224462056	0.543747
79536	rs2230301	1	220197625	0.609034
857495	rs2230561	19	3982967	0.611975
704827	rs2230681	12	122326812	0.466547
956466	rs2230742	16	4016676	0.989877
813058	rs2230772	17	55183203	0.483663
612555	rs2231828	11	34502345	0.127575
598025	rs2231975	11	4621639	0.305934
1101486	rs2232423	6	28366151	1.88173e-06
332497	rs2232470	6	116575083	0.116873
59187	rs2232816	1	171753039	0.682248
895520	rs2233896	20	43850400	0.380651
598796	rs2234455	11	5529152	0.73657
372199	rs2235099	7	30492550	0.245646
1109733	rs2235868	6	39040654	0.550479
904405	rs2236200	20	60986019	0.668343
878319	rs2236554	20	4202041	0.788716
965977	rs2239340	16	24230680	0.0231764
1011774	rs2240053	4	7765495	0.47729
375080	rs2241142	7	36338967	0.724826
796423	rs2241233	17	7318396	0.250713
409152	rs2241335	7	133979368	0.836071
93442	rs2241686	2	1926617	0.545417
212284	rs2241806	3	53901611	0.339659
821794	rs2241950	17	77914561	0.293588
622054	rs2244625	11	64026144	0.00662196
596378	rs2246614	11	619789	0.0331826
794148	rs2248821	17	2268311	0.855472
835414	rs2249769	18	32834186	0.993335
653423	rs2250123	11	133710796	0.236077
5818	rs2253371	1	15724003	0.92628
5819	rs2253372	1	15724033	0.51989
810126	rs2254177	17	48358419	0.445907
1074086	rs2255493	5	153432970	0.214806
673580	rs2269828	12	47471439	0.551349
435882	rs2271108	8	25230168	0.732714
677468	rs2271192	12	56531154	0.433784
948544	rs2271714	15	89450003	0.626666
434905	rs2272761	8	23148940	0.611345
1072372	rs2273235	5	149907533	0.925231
6209	rs2273311	1	16641899	0.206019
565613	rs2273771	10	69597786	0.662892
891412	rs2274238	20	34089718	0.365175
759810	rs2275145	14	35242828	0.197006
522320	rs2275640	9	111696214	0.696636
1072739	rs2277028	5	150632676	0.111999
715640	rs2277452	13	30087778	0.898882
772178	rs2277503	14	65271780	0.0397019
141676	rs2278741	2	121749067	0.159634
114500	rs2278774	2	46412288	0.863068
809362	rs2278868	17	46262171	0.0139708
210623	rs2279077	3	48474249	0.0745938
1008635	rs2279181	4	882643	0.93783
561415	rs2279339	10	60144998	0.291762
695247	rs2279834	12	101550176	0.76503
1008474	rs2280250	4	420688	0.924983
515488	rs2280301	9	97349591	0.252197
420499	rs2280897	8	2057298	0.290267
51274	rs2282301	1	155868625	0.862113
240856	rs2285371	3	129303072	0.168431
988651	rs2285547	22	21307058	0.77686
857345	rs2286440	19	3490951	0.333388
699744	rs2287174	12	110474070	0.351746
699580	rs2287218	12	110019338	0.190935
859095	rs2287863	19	8579011	0.0647885
316785	rs2288384	5	114916028	0.775335
794775	rs2288684	17	3764630	0.502433
171926	rs2289025	2	205969220	0.359949
3086	rs2289731	1	8390888	0.316352
204353	rs2290532	3	31789582	0.442211
1077679	rs2290732	5	161324898	0.264613
710053	rs2291256	12	133393323	0.126759
857766	rs2292151	19	4816719	0.0100846
81550	rs2292564	1	226055595	0.881286
440961	rs2292741	8	38695996	0.385247
439634	rs2292748	8	33229878	0.860806
411798	rs2293177	7	140244560	0.931383
237582	rs2293616	3	121641693	0.0291446
754807	rs2295680	14	23374435	0.155145
751861	rs2296354	13	111870037	0.542004
35823	rs2296882	1	89518173	0.480056
1108693	rs2296934	6	36931162	0.457448
876018	rs2298109	20	138148	0.918877
735	rs2298227	1	3701663	0.901388
965003	rs2301620	16	20959918	0.0539267
867723	rs2301734	19	36575645	0.447638
8021	rs230179	1	20681159	0.756624
359118	rs2301910	7	6204999	0.278879
813659	rs2302313	17	56283026	0.600672
807424	rs2304497	17	40065774	0.777389
931469	rs2304546	15	49103244	0.392734
668503	rs2304630	12	30881809	0.664257
943803	rs2304823	15	78474476	0.701498
821827	rs2304853	17	78073589	0.99448
102602	rs2305458	2	20824498	0.00843642
806635	rs2305480	17	38062196	2.63911e-09
1054109	rs2306369	4	123268859	0.342456
407562	rs2306848	7	129962414	0.882403
867641	rs231233	19	36271139	0.0888349
226117	rs2324981	3	86119606	0.641411
908439	rs232518	21	22746187	0.123636
461590	rs2331653	8	98740419	0.416502
237870	rs2332285	3	122288210	0.211422
858598	rs2352958	19	7084747	0.891279
1108511	rs236487	6	36686272	0.985997
107306	rs2366894	2	32713706	0.615056
820378	rs237057	17	74733099	0.781209
193549	rs237902	3	8809184	0.445454
897546	rs238209	20	47865509	0.88784
1106370	rs241449	6	32796653	0.00333368
878716	rs2422978	20	4763108	0.92933
879101	rs2423107	20	5485138	0.908174
904958	rs2427535	20	62367377	0.864747
697215	rs2463018	12	105152997	0.161465
929911	rs2470908	15	45028710	0.566714
24434	rs2481676	1	62627675	0.673693
592597	rs2489386	10	128974621	0.197224
720006	rs2496425	13	39264690	0.0424457
349978	rs2502601	6	158517308	0.288103
621501	rs2513749	11	62105391	0.576672
1009321	rs2515960	4	2951804	0.691836
1103116	rs2523721	6	30166266	0.0151052
813722	rs2526374	17	56435885	0.101904
303390	rs25413	5	78135201	0.242157
787279	rs2549891	16	81080366	0.39545
704612	rs25644	12	121666646	0.120851
505025	rs25688	9	74360234	0.432927
316786	rs256996	5	114916090	0.505724
287186	rs25754	5	33535060	0.594609
505364	rs2589615	9	75303653	0.327785
859246	rs2591592	19	9075346	0.995763
953656	rs260086	15	99674086	0.934852
1047256	rs2615542	4	104066461	0.0219259
640682	rs2640785	11	108409784	0.845837
48586	rs2641348	1	120437884	0.273946
1047894	rs2647257	4	106199505	0.25708
1084196	rs265981	5	174870902	0.525287
238861	rs2675	3	124482113	0.732564
183501	rs2678481	2	233324491	0.71946
60359	rs2685	1	175127771	0.950167
380424	rs2686835	7	48003665	0.656191
1025132	rs2687971	4	39452944	0.899504
4878	rs2697967	1	14150032	0.492141
683390	rs2717430	12	71002865	0.603905
138572	rs2723183	2	113674721	0.0915939
1104999	rs2736172	6	31590898	0.38389
712295	rs2737699	13	23905711	0.889985
163454	rs2742329	2	179580434	0.900411
481197	rs2748404	8	142505578	0.142047
57305	rs275149	1	168059866	0.891127
595862	rs2767434	10	134622408	0.676802
10250	rs2782814	1	26286840	0.33601
34813	rs2791494	1	86959173	0.891465
48585	rs2793823	1	120437718	0.183414
538734	rs2797491	10	5788608	0.512815
483049	rs279877	9	991114	0.607273
530638	rs2809436	9	129034533	0.24284
905552	rs2822785	21	15954528	0.0775251
907104	rs2824804	21	19770562	0.588212
913345	rs2833601	21	33375513	0.829875
181289	rs28381984	2	228135631	0.762297
14548	rs28411034	1	38276997	0.434612
1094011	rs2841523	6	13613783	0.405563
650661	rs2846675	11	128787036	0.373933
683280	rs2852	12	70825242	0.266255
873752	rs2865248	19	53793574	0.705012
1008964	rs28681468	4	1824020	0.0855769
165145	rs288326	2	183703336	0.502349
279648	rs2896111	5	13691045	0.404652
859973	rs28997582	19	11145691	0.949168
590173	rs2901343	10	124457906	0.0251729
867853	rs2912444	19	37039069	0.190052
9363	rs2920	1	23884780	0.457448
409640	rs292575	7	134879830	0.656378
644702	rs2925768	11	117299015	0.847789
801254	rs2955355	17	17948475	0.779137
420193	rs2957054	8	1653690	0.496061
34406	rs2970548	1	86118447	0.471457
445588	rs2975982	8	56365451	0.327489
481708	rs2976396	8	143764001	0.810055
327	rs2985862	1	2452569	0.312187
1054450	rs300574	4	124323738	0.748122
7120	rs3007719	1	18811668	0.467496
10603	rs3010110	1	27278521	0.971505
713916	rs301047	13	26788114	0.461586
348732	rs3011895	6	155575607	0.299767
962996	rs30122	16	14359233	0.0728907
4700	rs3013105	1	13802325	0.519905
485788	rs301430	9	4576680	0.933565
677734	rs3024983	12	57489157	0.114813
1112017	rs3025040	6	43753051	0.508633
736419	rs3027095	13	78471025	0.789664
280250	rs3045	5	14711275	0.077004
280131	rs30612	5	14420027	0.384045
946420	rs306197	15	85401259	0.805378
323920	rs3087646	5	132334252	0.937012
71499	rs3087949	1	203047621	0.0890171
44081	rs3093037	1	110471906	0.0533751
978019	rs3096380	16	71319646	0.373848
306878	rs3097146	5	87498849	0.219346
132735	rs3105105	2	95848018	0.461948
409859	rs3112369	7	135412273	0.966247
1105151	rs3115672	6	31727897	0.137997
75951	rs3122713	1	212799870	0.703516
4252	rs3125815	1	11722688	0.509426
835244	rs3133	18	32469272	0.706689
433080	rs316	8	19818436	0.18077
913991	rs3171425	21	34668747	0.519317
819642	rs3178300	17	72743120	0.781285
324780	rs319600	5	134235613	0.227484
113323	rs3197473	2	44547142	0.824813
963091	rs3198697	16	15129940	0.346604
103895	rs3204	2	24252436	0.918263
790635	rs3210967	16	85009463	0.128576
563624	rs3211105	10	64945364	0.867103
531238	rs3217751	9	130552915	0.86957
330651	rs3218587	6	111688927	0.163126
237400	rs3218651	3	121208176	0.948159
1104895	rs3219190	6	31497975	0.134948
276756	rs326173	5	7828533	0.267164
417383	rs3298	7	154685873	0.669492
568085	rs3312	10	73856984	0.303803
219082	rs332374	3	66430877	0.512234
895896	rs3363	20	44577314	0.12977
209539	rs33749	3	45266555	0.21376
37890	rs337592	1	94982810	0.522996
776315	rs34076068	14	74516497	0.768555
809041	rs34134208	17	45412629	0.941021
208566	rs342511	3	42578509	0.8901
486524	rs343500	9	6015011	0.199369
699765	rs34684319	12	110566907	0.206452
309177	rs34898	5	95091194	0.561676
675199	rs3490	12	51583506	0.0187959
870104	rs349046	19	44300626	0.675198
349976	rs350289	6	158509750	0.562828
261056	rs35070271	3	182897920	0.646637
177683	rs35201416	2	219826761	0.14346
532486	rs353512	9	133996184	0.93819
532485	rs353513	9	133995959	0.591795
291099	rs35397154	5	43175103	0.400441
843970	rs35428499	18	52258548	0.180246
965735	rs35586	16	23677006	0.763542
194375	rs35674	3	10368577	0.311762
194382	rs35678	3	10379923	0.681644
773120	rs35680137	14	67675021	0.710005
626992	rs3571	11	78364513	0.735589
859009	rs36247	19	8321946	0.268199
881738	rs362998	20	10277621	0.890785
976955	rs363162	16	66812797	0.428625
912276	rs363430	21	30971183	0.357009
70725	rs3729547	1	201334382	0.170539
103970	rs3731625	2	24439048	0.174107
170335	rs3731722	2	201534389	0.407576
177705	rs3731878	2	219920565	0.602976
172432	rs3732082	2	207041441	0.106007
97764	rs3732114	2	10712278	0.766175
125713	rs3732253	2	70676098	0.903308
234460	rs3732782	3	113955164	0.900997
233943	rs3732814	3	112724336	0.284174
1035622	rs3733359	4	72649774	0.0215197
298917	rs3733910	5	66479189	0.01443
1072964	rs3734057	5	150945862	0.52176
1107754	rs3734264	6	34831866	0.426829
333326	rs3734345	6	118637042	0.81701
1129099	rs3734660	6	90916345	0.545536
1111906	rs3734688	6	43423779	0.246456
415491	rs3735081	7	150217248	0.865513
357667	rs3735126	7	2959172	0.612048
372861	rs3735422	7	31732089	0.168087
367378	rs3735440	7	21551070	0.28797
378911	rs3735485	7	45009341	0.534634
357136	rs3735656	7	1580921	0.465371
379279	rs3735666	7	45761952	0.952536
261256	rs3736535	3	183432983	0.50635
71922	rs3737657	1	204110547	0.619834
71910	rs3737658	1	204095573	0.281501
53550	rs3737787	1	161009523	0.521341
81127	rs3738362	1	224927217	0.609424
84143	rs3738402	1	231903010	0.655988
486407	rs3739646	9	5762600	0.799339
486413	rs3739648	9	5774225	0.820211
531935	rs3739859	9	132652336	0.463203
542538	rs3740015	10	12131081	0.162142
556209	rs3740094	10	45473317	0.47859
581480	rs3740473	10	105362179	0.984746
579102	rs3740526	10	99220707	0.130399
617636	rs3740704	11	45793154	0.358086
745151	rs3742130	13	99907341	0.0243965
744720	rs3742134	13	99104170	0.639873
768993	rs3742577	14	57672540	0.879568
784666	rs3742711	14	93407535	0.769709
946942	rs3743332	15	86303751	0.0370728
940012	rs3743342	15	67485667	0.214536
961625	rs3743591	16	12059032	0.926006
979843	rs3743599	16	75646576	0.680564
976859	rs3743711	16	66542957	0.318764
955775	rs3743853	16	1877558	0.982474
820234	rs3744043	17	74394934	0.76215
806342	rs3744075	17	37074932	0.770585
796570	rs3744262	17	7613765	0.791051
821348	rs3744793	17	76817090	0.542216
861868	rs3745314	19	16243590	0.594994
872620	rs3745528	19	51302066	0.746671
858126	rs3745624	19	5696146	0.226515
871735	rs3745718	19	48715153	0.743431
875554	rs3746218	19	58153000	0.748024
876342	rs3746803	20	744382	0.0772688
985738	rs3746964	21	45705988	0.884914
177247	rs3747	2	218664633	0.571376
72196	rs3747632	1	204587240	0.690283
328805	rs3747790	6	107016731	0.600483
567879	rs3747866	10	73521578	0.123197
62860	rs3747957	1	180953853	0.971487
792258	rs3748399	16	87445270	0.823516
76894	rs3748697	1	214820099	0.021611
352	rs3748816	1	2526746	1.92571e-05
93448	rs3748989	2	1946968	0.70082
158521	rs3749005	2	168115325	0.800721
241416	rs3749393	3	131082393	0.418227
323989	rs3749817	5	132535046	0.506314
348843	rs3749930	6	155761246	0.228428
372051	rs3750092	7	29924072	0.906951
524642	rs3750533	9	116060221	0.519692
599295	rs3750944	11	6239344	0.496653
186113	rs3751109	2	238427194	0.290194
720212	rs3751378	13	39587865	0.767405
754672	rs3751480	14	23080679	0.925633
842281	rs3752085	18	48190271	0.330307
842282	rs3752087	18	48190440	0.0840816
859358	rs3752199	19	9267319	0.669311
831798	rs3753	18	24035675	0.0760444
6116	rs3754334	1	16451767	0.429849
113988	rs3755073	2	45640374	0.756537
172433	rs3755227	2	207041933	0.0586881
1008684	rs3755955	4	994414	0.903659
350406	rs3756988	6	159398633	0.0250204
640233	rs3758911	11	107197640	0.673094
814272	rs3760332	17	58508618	0.17583
794916	rs3760471	17	4069735	0.840438
897973	rs3761180	20	48894872	0.231798
200585	rs3762775	3	23934772	0.788616
345743	rs3763162	6	150140810	0.434292
475859	rs3763568	8	133023595	0.984064
488352	rs3763653	9	8518395	0.379809
866482	rs3764633	19	33439187	0.0333499
385242	rs3764904	7	66098384	0.833384
638260	rs3765620	11	102595492	0.456585
10754	rs3766398	1	28209305	0.336855
71761	rs3766748	1	203743653	0.584854
34195	rs3768235	1	85733374	0.350697
64076	rs3768589	1	183516241	0.0933622
1025277	rs3775078	4	39824758	0.496169
276082	rs3776448	5	6599940	0.845553
1080946	rs3777084	5	169031150	0.760682
722102	rs3783044	13	43639845	0.114478
924204	rs3784588	15	31294654	0.822956
834488	rs3786308	18	29972964	0.962572
76896	rs3790648	1	214820494	0.055426
85104	rs3795374	1	233514975	0.312318
90739	rs3795479	1	244871041	0.234168
47472	rs3795655	1	117663913	0.940341
51549	rs3795732	1	156564640	0.269118
103806	rs3795942	2	23919375	0.772919
209874	rs3796373	3	45960851	0.470756
359042	rs3801030	7	6062229	0.854786
440964	rs3802249	8	38706397	0.529561
475900	rs3802261	8	133074827	0.580085
549401	rs3802512	10	25890341	0.508476
586303	rs3802734	10	116194210	0.0858244
240524	rs3803	3	128199380	0.276519
677703	rs3803018	12	57394123	0.132938
639	rs3806164	1	3380057	0.962993
774468	rs3809401	14	70511406	0.311019
49626	rs3811406	1	151254041	0.290884
1038266	rs3811747	4	79464432	0.5509
472179	rs3812471	8	125498547	0.89007
721206	rs3812896	13	41902939	0.279534
854460	rs3813097	18	74209002	0.394356
163374	rs3813250	2	179395958	0.943445
287205	rs3813474	5	33576602	0.34207
530775	rs3814127	9	129265742	0.207747
544548	rs3814168	10	15255292	0.873687
51160	rs3814316	1	155149718	0.494657
774916	rs3814871	14	71444788	0.161962
155733	rs3815475	2	160114315	0.468524
419079	rs3816462	7	158528233	0.0360494
427602	rs3816668	8	11406593	0.892054
825355	rs3817466	18	5410574	0.648775
696631	rs3817602	12	104390525	0.0621273
197038	rs3817641	3	15686776	0.56989
1007656	rs3817672	3	195800811	0.0744997
49978	rs3818831	1	152331240	0.439796
620746	rs3825020	11	60184191	0.745679
704754	rs3825175	12	122079441	0.894927
49701	rs3828054	1	151512895	0.787696
350189	rs3828712	6	158927651	0.941185
801362	rs3829956	17	18219835	0.315046
984797	rs3829962	21	43816624	0.0913498
51957	rs3843307	1	157484575	0.00273692
866554	rs3848596	19	33635761	0.0059293
869411	rs3852870	19	41397370	0.695822
394290	rs38794	7	92028039	0.330946
1105297	rs3911893	6	31935567	0.280698
345705	rs3924871	6	149983216	0.748733
177704	rs394452	2	219920037	0.805491
13817	rs399393	1	36553673	0.0536563
871963	rs4021	19	49253261	0.391909
950873	rs4072466	15	94097067	0.883121
512530	rs4076795	9	90501448	0.541035
968139	rs4077410	16	29998200	0.894495
648426	rs4078313	11	124766128	0.523777
874036	rs4112253	19	54786022	0.82217
472175	rs4128468	8	125479663	0.956215
974818	rs4131634	16	61686399	0.28132
861114	rs41360944	19	14884841	0.209073
113066	rs4148195	2	44039633	0.0346918
568028	rs4148949	10	73770651	0.0549805
89605	rs4149965	1	242035438	0.382858
796439	rs4151134	17	7347123	0.00481951
206418	rs41511748	3	36898381	0.302473
211663	rs419050	3	52426884	0.592613
105499	rs4233729	2	29092679	0.614873
356999	rs4266553	7	1132671	0.899843
624484	rs4316537	11	71155129	0.327867
945043	rs4338755	15	80890260	0.187957
796252	rs434473	17	6904934	0.576228
797990	rs440655	17	10617803	0.174016
289437	rs443039	5	38940858	0.654006
19697	rs443751	1	53153432	0.367326
482333	rs4489360	8	146220446	0.42496
449540	rs4500114	8	66444862	0.105522
1101577	rs450630	6	28542424	0.951746
879327	rs451571	20	5923204	0.655302
534248	rs4520243	9	137775155	0.518682
1105122	rs453098	6	31691657	0.0416137
916740	rs457705	21	40191431	0.395686
604625	rs4617548	11	16133413	0.215067
822574	rs4625783	17	80086395	0.0961467
618009	rs4647760	11	47260551	0.181077
65301	rs4648298	1	186641682	0.672981
61795	rs4650995	1	178517316	0.824296
540131	rs4655	10	7849688	0.403772
196479	rs4685165	3	14528256	0.139795
298902	rs4699896	5	66462069	0.882889
431226	rs4705	8	17500223	0.994101
1100205	rs4712960	6	25727265	0.0887698
1115168	rs4715227	6	51491884	0.99413
366769	rs4719613	7	20453875	0.00138842
945697	rs4725	15	82443939	0.936708
567906	rs4747194	10	73558886	0.081487
540218	rs4747647	10	8006798	0.92772
593260	rs4750936	10	129906468	0.336536
692007	rs4761611	12	94769758	0.893829
695584	rs4764678	12	102315592	0.629131
702839	rs4767547	12	117901240	0.363177
961462	rs4781107	16	11572419	0.779848
963227	rs4781689	16	15865472	0.668357
58180	rs4786	1	169692132	0.0478182
793685	rs4790290	17	1203617	0.253816
97871	rs4799	2	10933249	0.85924
867172	rs4806049	19	35233273	0.874554
531211	rs482095	9	130493513	0.419703
1023407	rs4833069	4	36081878	0.420769
44374	rs4839431	1	111033809	0.349763
141272	rs4849797	2	120439459	0.234743
133348	rs4851146	2	99237439	0.828858
871934	rs485186	19	49207206	0.0509208
270932	rs4862653	4	187077206	0.302042
346777	rs4870034	6	151859314	0.351976
510135	rs4877746	9	85861197	0.249121
163441	rs4893852	2	179571448	0.0547299
163403	rs4894029	2	179447848	0.981443
307570	rs4916685	5	89979698	0.581733
581473	rs4918029	10	105354982	0.18019
645057	rs491822	11	117772848	0.292421
622917	rs4930187	11	66744119	0.0639796
559691	rs4935502	10	55955444	0.662864
49547	rs4970934	1	150995236	0.107225
1092453	rs501948	6	10762997	0.774603
808095	rs5035	17	42338998	0.655219
634423	rs503612	11	94863186	0.835423
1105453	rs520692	6	32188640	0.650351
928902	rs522063	15	41476209	0.964846
875703	rs525221	19	58489387	0.15321
481800	rs5297	8	143955657	0.403413
11112	rs536178	1	29442291	0.0253296
596894	rs548195	11	1913377	0.187223
1016532	rs555	4	17625658	0.109911
618910	rs559449	11	55340379	0.364354
332565	rs560644	6	116757557	0.0132154
533101	rs562350	9	135374898	0.599084
897689	rs5629	20	48129706	0.695902
397190	rs564449	7	100321138	0.354867
28528	rs5671	1	71512643	0.223688
965583	rs5726	16	23227026	0.687165
644689	rs573965	11	117283471	0.715156
995884	rs5756130	22	36684331	0.743553
992123	rs5762795	22	29182500	0.473631
1000054	rs5764698	22	45749983	0.580894
411527	rs5768	7	139653196	0.762359
507187	rs577993	9	79321871	0.0919088
89455	rs588246	1	241758302	0.181587
144156	rs5936	2	128180872	0.563236
1092884	rs595877	6	11579093	0.178619
752748	rs5960	13	113801737	0.735141
1000431	rs6008598	22	46704243	0.925569
58038	rs6018	1	169511878	0.0244902
899870	rs6022903	20	52612549	0.141405
876832	rs6042507	20	1459060	0.835318
897273	rs6066802	20	47261017	0.63904
899793	rs6068699	20	52492074	0.0863213
887568	rs6075630	20	20150027	0.812912
886025	rs6080717	20	17474791	0.00793082
877496	rs6114607	20	2481311	0.359543
507196	rs611461	9	79325615	0.0348308
889891	rs6115193	20	25457022	0.294284
904348	rs6121980	20	60869680	0.881811
881270	rs6133723	20	9546554	0.34472
885311	rs6135775	20	16493533	0.733917
484495	rs6148	9	2648773	0.90179
874568	rs617073	19	56180968	0.534318
645263	rs619250	11	118064582	0.291178
648926	rs622756	11	125766173	0.0023394
708770	rs626396	12	130520247	0.483375
535126	rs6293	9	140051238	0.0762908
46689	rs6330	1	115829313	0.408774
482373	rs636922	9	215269	0.600197
50686	rs6413529	1	153932270	0.278825
53186	rs6427504	1	160124875	0.797288
303926	rs6453495	5	79277817	0.163588
395390	rs6465468	7	95169514	0.116765
448987	rs6472121	8	64692412	0.0587644
717456	rs648202	13	33635463	0.203511
606545	rs6483642	11	20099541	0.507081
777966	rs6493	14	78140329	0.392086
924168	rs6493352	15	31234064	0.117861
63636	rs649437	1	182443462	0.188809
870241	rs6509138	19	44570393	0.448101
21801	rs652785	1	57340727	0.76523
263353	rs6552559	4	169158471	0.431966
421048	rs6558702	8	2909992	0.327835
10760	rs6564	1	28212975	0.992331
853397	rs6566811	18	72163592	0.583647
845855	rs6566987	18	56279025	0.0391459
765413	rs6572635	14	50472405	0.107433
772049	rs6573560	14	65031534	0.108643
579063	rs6584122	10	99129230	0.277573
92345	rs6587422	1	248285441	0.144806
49813	rs6587625	1	151820324	0.170536
47400	rs6589	1	117532891	0.249933
985857	rs659638	21	46021759	0.997876
921673	rs6606820	15	23046314	0.515665
921343	rs6644	14	105213343	0.14552
90891	rs6671940	1	245318408	0.0894703
84170	rs6675281	1	231954101	0.841972
10087	rs6687605	1	25889632	0.332565
4301	rs6699881	1	11836628	0.590106
91669	rs6702823	1	246755124	0.0374236
123040	rs6724501	2	65129968	0.231734
170619	rs6743951	2	202358395	0.171375
141058	rs6758051	2	119914101	0.0389773
209924	rs6764042	3	46059139	0.278139
35864	rs676913	1	89637578	0.977877
934438	rs678892	15	55632859	0.735052
1033008	rs6817560	4	65144660	0.618842
1028165	rs6818556	4	47887991	0.692914
1019531	rs6827553	4	25001926	0.280085
1030316	rs6834736	4	57194525	0.1344
1033009	rs6844830	4	65144880	0.604715
1011528	rs6849590	4	7432577	0.614897
92659	rs6855	2	277995	0.939911
870557	rs6859	19	45382034	0.225836
326848	rs6860077	5	139745154	0.283865
303217	rs6874309	5	77774498	0.19998
272470	rs6874933	5	188747	0.491047
1112161	rs6883	6	44081718	0.0900954
1086328	rs6894087	5	180472513	0.423815
929678	rs689647	15	43762196	0.133882
197363	rs690241	3	16358584	0.386348
862275	rs6903	19	17417565	0.356506
1113797	rs6907125	6	47646842	0.207386
1132448	rs6909059	6	99725979	0.768016
1100250	rs6910549	6	25780811	0.000908977
821180	rs691127	17	76497114	0.140272
1090845	rs6929069	6	7581636	0.65711
102773	rs693	2	21232195	0.802303
412422	rs6944336	7	141943552	0.737094
399271	rs6959608	7	105676614	0.0888738
194349	rs696217	3	10331457	0.0060235
37891	rs698951	1	94983203	0.868725
463170	rs6989650	8	102681337	0.160247
451492	rs6991329	8	71593425	0.196689
420356	rs6991392	8	1905823	0.531256
471637	rs7014678	8	124448736	0.250066
491981	rs7023244	9	14819370	0.923954
344518	rs702346	6	147887218	0.47032
1081528	rs703508	5	169816300	0.461754
697379	rs703683	12	105567135	0.602054
514033	rs7045740	9	93926650	0.559587
298362	rs706679	5	65317181	0.702545
556220	rs7068660	10	45497915	0.866564
590222	rs7070368	10	124534420	0.450336
555569	rs7071189	10	44284095	0.745383
1105165	rs707926	6	31748820	5.50254e-09
802419	rs708100	17	26688663	0.0300995
81888	rs708776	1	226923505	0.761726
657672	rs710415	12	7023123	0.479009
599570	rs7112561	11	6739109	0.271382
599580	rs7112649	11	6742663	0.420605
609661	rs7128239	11	26692481	0.942092
174078	rs715	2	211543055	0.0156792
774469	rs7152222	14	70511520	0.0981042
771313	rs7161127	14	63174616	0.198717
927486	rs7175038	15	38332476	0.880092
938395	rs7178040	15	63364098	0.390822
20715	rs718265	1	55319902	0.271541
944367	rs7183867	15	79748603	0.613507
964834	rs7185940	16	20410488	0.930878
956168	rs7188234	16	3109032	0.307117
787393	rs7194871	16	81232564	0.583927
821886	rs7211656	17	78182418	0.489514
821963	rs7216493	17	78327358	0.88631
814005	rs7221185	17	57476653	0.603701
835247	rs7227051	18	32470459	0.809526
234351	rs722927	3	113681175	0.967162
658859	rs7248	12	10375302	0.664457
871306	rs7250850	19	47585517	0.00141474
531402	rs7258	9	131196695	0.704109
862656	rs7259046	19	18417378	0.188259
878114	rs7262903	20	3843027	0.49537
851057	rs727088	18	67530439	0.000119238
986759	rs7277175	21	47841941	0.324591
996732	rs7284476	22	38129332	0.843396
680564	rs7311657	12	65270436	0.389766
874734	rs731338	19	56424532	0.0291077
716883	rs7325513	13	32360547	0.0857217
1010732	rs733370	4	5959135	0.699567
721649	rs7334821	13	42814315	0.0661931
752539	rs7338610	13	113333684	0.600575
989213	rs737819	22	23503819	0.328585
326612	rs7380824	5	138856982	0.311758
1000202	rs7381	22	45996782	0.581744
700046	rs7398833	12	111786892	0.000905214
821166	rs7405830	17	76472768	0.976162
61601	rs7413442	1	177929940	0.564587
4276	rs7414943	1	11782814	0.0647697
1110879	rs742493	6	40998167	0.021742
879309	rs742710	20	5904028	0.848859
795087	rs743646	17	4536241	0.0512526
800660	rs7477	17	16246016	0.89736
1082623	rs747829	5	172113235	0.8019
566218	rs748235	10	71142420	0.502095
937878	rs7495931	15	62457480	0.0965102
966318	rs7498149	16	25043569	0.384687
792573	rs7499959	16	88110422	0.459128
813914	rs7503190	17	57184162	0.107968
442118	rs750625	8	41525914	0.0277949
26702	rs7524784	1	67244243	0.633805
25389	rs7527017	1	64643277	0.65978
524685	rs752757	9	116122954	0.609894
81321	rs7527925	1	225534219	0.394438
7115	rs7528572	1	18808069	0.235935
76891	rs7533166	1	214819044	0.228273
322	rs7535528	1	2444414	0.0683714
6184	rs7536390	1	16576836	0.0668548
22864	rs7537470	1	59002221	0.0274537
481061	rs753779	8	142228809	0.0274385
10374	rs7550997	1	26596080	0.308536
70329	rs7552353	1	200776641	0.985
104580	rs7568529	2	26534801	0.455587
1103038	rs757262	6	30114955	0.000911227
170199	rs7585275	2	201344042	0.621417
154979	rs7594480	2	158390468	0.186526
107897	rs7596614	2	33809471	0.411604
963211	rs760023	16	15819055	0.0475731
248976	rs7610425	3	149485293	0.41491
255934	rs7622799	3	169098992	0.232135
915316	rs762364	21	37406849	0.869358
233944	rs7628368	3	112724619	0.824382
196854	rs7651842	3	15216791	0.253017
1049546	rs7657133	4	110765372	0.24437
1028856	rs7677726	4	53739262	0.727422
858599	rs768489	19	7085480	0.889232
1052844	rs7698598	4	119951647	0.780615
311821	rs7723689	5	102895124	0.341143
862071	rs773852	19	16872940	0.580547
1099241	rs7744665	6	24174803	0.469473
1109055	rs7748388	6	37604608	0.296294
233458	rs774854	3	111688578	0.242489
1101823	rs7752270	6	29053998	0.642214
328057	rs7769944	6	105547105	0.514517
710091	rs7778	12	133498358	0.853042
415490	rs7800829	7	150217089	0.264008
567592	rs780680	10	73122468	0.683049
581407	rs7831	10	105205302	0.274538
443954	rs7833909	8	52366300	0.887937
658041	rs7842	12	8211187	0.408827
15294	rs784629	1	40146253	0.144188
524162	rs7855745	9	114982463	0.152165
58813	rs7889839	1	171121173	0.544723
358812	rs7904	7	5273121	0.523775
559692	rs7921598	10	55955485	0.179084
50581	rs7934	1	153618766	0.418735
687065	rs7965277	12	80900348	0.0524706
705414	rs7966867	12	124179417	0.0292898
656509	rs7974559	12	5023959	0.507807
674524	rs7975791	12	49413486	0.718675
468196	rs800899	8	116425860	0.434532
920457	rs8010870	14	102493761	0.75859
919919	rs8011237	14	101138230	0.710774
753435	rs8017682	14	20903778	0.746876
70997	rs8024	1	201845575	0.0206237
938214	rs8038919	15	63127983	0.232445
928761	rs8041534	15	40915045	0.178957
930157	rs8042811	15	45847921	0.158791
787072	rs8049284	16	80718879	0.463141
956930	rs8055684	16	5094570	0.53606
801363	rs8080966	17	18220674	0.196413
821949	rs8082521	17	78302157	0.876643
839338	rs8096662	18	42533130	0.242164
871647	rs8105198	19	48543862	0.902205
871634	rs8112254	19	48533612	0.925082
863542	rs8113074	19	21775494	0.813997
857367	rs8113232	19	3586543	0.677404
328519	rs811925	6	106547372	0.310834
800678	rs8121	17	16325968	0.822247
904365	rs8124907	20	60913127	0.879119
1002744	rs8139422	22	50315363	0.278362
1105419	rs8192576	6	32165300	0.0155882
819974	rs820196	17	73627539	0.547993
625141	rs826058	11	73796917	0.918047
159169	rs8304	2	169630835	0.988799
23258	rs835435	1	59844471	0.585566
48595	rs835575	1	120456563	0.262139
985514	rs8377	21	45181311	0.85393
871965	rs838133	19	49259529	0.692253
6023	rs848209	1	16256007	0.482983
172261	rs849563	2	206610502	0.85225
532017	rs8503	9	132902219	0.0487194
60495	rs859437	1	175355391	0.903942
387730	rs8629	7	73245519	0.0903514
251519	rs8665	3	156259485	0.962459
793274	rs868045	16	90102835	0.653137
71442	rs870094	1	202956236	0.897832
985273	rs872331	21	44589215	0.49975
995891	rs875725	22	36691691	0.214119
372128	rs876050	7	30119410	0.598096
716659	rs876540	13	31905449	0.599496
816634	rs883541	17	66449122	0.44119
676891	rs884510	12	54972299	0.0358588
804969	rs887231	17	32904480	0.752307
801609	rs887241	17	19645938	0.789104
956920	rs887854	16	5075542	0.423564
238192	rs8935	3	122880191	0.813488
114729	rs896210	2	46746745	0.813036
979460	rs8998	16	74705961	0.160603
46124	rs901146	1	114633098	0.168647
566164	rs906219	10	71026510	0.973321
795974	rs907939	17	6327389	0.303421
1036601	rs9090	4	75972413	0.031975
956191	rs909410	16	3165425	0.34938
498462	rs9103	9	27546828	0.318411
544496	rs913038	10	15148547	0.808488
877781	rs913555	20	3090124	0.0639104
50226	rs913996	1	152884111	0.857766
828949	rs919	18	12446689	0.527014
704370	rs9204	12	121177778	0.259879
482057	rs921669	8	144735347	0.118762
807559	rs9252	17	40554849	0.727205
1103610	rs9262143	6	30652781	0.00372633
1105060	rs928814	6	31631907	0.470889
233730	rs9288952	3	112185025	0.738004
934065	rs9302181	15	54841874	0.254414
141831	rs934940	2	122096018	0.834521
1099243	rs9358755	6	24174955	0.0490953
1109048	rs9380696	6	37600774	0.158898
948503	rs938608	15	89398605	0.500341
588042	rs938700	10	120354472	0.911394
63893	rs944971	1	183112505	0.536435
535004	rs945386	9	139693596	0.092173
351563	rs9458136	6	161551218	0.891203
942131	rs9460	15	73044575	0.180208
657579	rs9478	12	6840688	0.103612
1111345	rs9529	6	41903007	0.15201
722116	rs9533394	13	43682841	0.408797
720077	rs9548505	13	39422624	0.130231
731545	rs9571740	13	67800935	0.610284
720225	rs9576711	13	39623621	0.667696
710474	rs9579718	13	20425948	0.674314
889936	rs958075	20	25595123	0.661224
735422	rs9600567	13	76445316	0.794015
992915	rs9609025	22	31032076	0.101564
301663	rs961098	5	74400386	0.821997
1000394	rs9626814	22	46637254	0.582636
873302	rs9636139	19	52521296	0.857305
245557	rs9647343	3	140866728	0.409244
61687	rs964993	1	178062359	0.790183
474938	rs966185	8	131124559	0.0121112
654855	rs9669556	12	2045640	0.737135
815027	rs968719	17	61908271	0.44254
987091	rs971768	22	17597462	0.501329
621300	rs972353	11	61717715	0.465984
584171	rs975442	10	111705895	0.340794
466453	rs9774677	8	110510993	0.0690071
921373	rs9788593	14	105350799	0.677463
160407	rs9789572	2	172341327	0.136802
248831	rs9793	3	149192564	0.0544729
234260	rs9813630	3	113377361	0.618901
793958	rs9818	17	1838352	0.564328
168270	rs981800	2	195280946	0.516713
248830	rs9824906	3	149192432	0.000727328
260419	rs9827893	3	180499783	0.128743
211717	rs9835659	3	52544470	0.616596
197055	rs983600	3	15709140	0.227313
197709	rs9880307	3	16974610	3.98218e-06
1008355	rs9880989	3	197665599	0.416716
819625	rs9906320	17	72690829	0.00223833
956293	rs9921152	16	3421199	0.919134
848273	rs9959343	18	61265870	0.68407
686400	rs9971904	12	78598891	0.526178
173344	rs999891	2	209190649	0.0436454
